NUM_POINTS =   1000

KPAR = [   0.00000    ,   0.00000    ] 
EQUATION_TYPE =      2
SO_ON =      0
EIGVAL_SOLVER =     15

