NUM_POINTS =   500

KPAR = [   0.00000    ,   0.00000    ] 
EQUATION_TYPE =      1
SO_ON =      0
EIGVAL_SOLVER =     15

