NUM_POINTS =   200

KPAR = [   0.00000    ,   0.00000    ] 
EQUATION_TYPE =      1
EIGVAL_SOLVER =     10

