KPAR = [   0.00000    ,   0.00100    ] 
EIGVAL_SOLVER =     10
SK_ALAT = 10.685 
SK_ORTHO = 1
ENERGY_FROM = -13.5
ENERGY_TO   = 8.5
NUM_POINTS = 500
LOGLEVEL = 10
