NUM_POINTS =   500
ENERGY_FROM =  -0.2000000     # default value                                   
ENERGY_TO =   0.025     # default value                                     
#KPAR = [   0.00000    ,   0.00000    ] 
KPAR=[0.09873073  ,  3.24912624]
EQUATION_TYPE =      2
SO_ON =      1
EIGVAL_SOLVER =     15

